$ANSIBLE_VAULT;1.1;AES256
32623135393164663063353333376661626538306435653265303436656533376239653764306636
6539316134393862633136333932326432373338393835320a373831633465613865336432306534
36663332366363393364363838323331653765306438323164643639376431363232313132396664
3039323330393263360a303531616661646138343539356166313364396535613864643439643932
30613138626330396638663638623336303931316335616533666165623539633839333566353939
36323737306562633165366461303738326339366564663035613037383066626434313939333763
32373261356166343431313764656262343738303233383333656330653838643661386633333264
35663164663833376133346461303264636232616633663962333764343733666632306266643738
62633235316664386435343735636130373037323937663436326465636430373936306666663139
32666665303163333064663765366263643833643365316363333939643934393336313366616138
36643037376538643733333030303866336136653436643764616237323862613331323062646664
64333061363163316263306334313933653365333866313635613163643735646233383434366632
65633261373566303431656234633337333964366438643437313731616237613466356336343334
31343364373162303761333534343032346631626431373332373861343239613837376339373066
61646237666631316431323833393635663531363836353033386439323933383066613261613133
39343037383031323163633132353261636166643662306535373437383864633132366435636530
37383537623530356662316366356334613363386361333536643664393737373561393232383833
65323435396238636564333165663534383837636164386466336533336530373763313162333765
39366533616163386363653931346264356434616136616532373230383264363835613139383834
37643962323366376439363033643435653466393931633766323362333536353431623061386163
66623335643232633137613962396262666333313136326664643865393665663962613034363834
36623530366463623134306237636636616332613835356436663338336139316264396166353636
64373130376233633161383966303863666138656532346237613739343961636630313466386532
35663635383935663265383130656134376166313761366463626137663361356432393031366263
62323934663863383639626332333931346162333166643965333864623934346464656632313331
32326264323936376336363961613166663532636234316566656535613862623130343036653039
31323364653665393766356137353436633363363335646466353037653465383736383966336630
30353431313634613166623162356466613264616237303765306232646463333761343064663566
62646661623162616162666366396634306435626266633738623063633334343539323966383236
37346238616161353233373131633361353136616538636466333030383566623434356461303431
65646639366263313133363339623263353339633637303363323562376464393733303638396336
62336361376436653132616364393633646335663366656135376537333165613665613832386232
36393366386533636530613166396134393165316264376235626465303039393065646562326332
35343665666662383137323038626265313537623237616330386135653436396531353632383362
64633735663736343633386233373566653164656261363261383534313634363336616633613034
37386639393339636462636363303839376562333065316336343138306638323234333962613865
63636163333135613362393065663136633130633134383133633863396265303361623035646264
34343766373666656634666465386236383732643630613431383831333863316434643432656337
65626436306364386131666464373032343235303833336437346261376536343763376333313935
36636230376364316238636364363632656238623634656335636663663964393838346135616531
66383639643661363361316464346464616262393133356163313061353438613533353663356133
31373564656433616535313265633936363061333365626136376430343834323661303166373663
62653561663935356637643732313632306461356531643962653236396464326137386434663731
32303536663064336339343637386637616435623062353361316465616135663565613730363238
32303330636138303932323438343538613830656132396530376534343035623134643035396536
65396265636466333739383136326462333234313530646437333365326430393432633433613663
38616232393239306235393936363538613634653165323663323563393163356466303965343563
34613161336539313234316439343136386634623138323933363432376537356262613932323937
3436
